8,-3, 6,-4, 5,-4, 4,-3, 2,-8, -1,-5
6,6, 4,6, 6,4, 4,4, 6,2, 4,2
-1,3, -1,5, 3,5, 4,4, 6,1
-4,1, -4,2, -4,-1, -4,0, -2,0, -3,0, 0,0, -1,0, 0,2, 0,1, -1,-2, 0,-1, -2,-3, -3,-2, 3,-2, 3,-3, 3,0, 3,-1, 3,1, 3,2
-8,9, -7,7, -5,5
-2,8, -3,6, -1,6
-8,7, -6,7, -5,5, -7,3, -7,2
-5,8, -5,6, -6,6
2,9, -2,8, -3,5
7,7, 3,4, 2,5, -2,4, 1,1
-10,8, -9,9, -10,7, -8,9, -10,6, -7,9, -5,9, -10,4, -4,9, -10,3, -3,9, -10,2, -10,0, -1,9, -10,-1, 0,9, -10,-2, 1,9, 3,9, -10,-4, 4,9, -10,-5, 5,9, -10,-6, -10,-8, 7,9, -8,7
-5,9, -3,9, -1,7, 1,9, 3,9, -1,5